-0.000046 0.000000 0.000003 0.000002 0.000005 0.000002 0.000017 0.000025 0.000050 -0.000035 
-0.000006 0.000000 0.000000 0.000000 0.000001 0.000000 0.000002 0.000003 0.000006 -0.000004 
0.003614 0.000000 0.000000 0.000000 0.000001 0.000000 0.000002 0.000001 0.000003 0.000026 
0.000001 0.000000 -0.000000 -0.000000 -0.000001 -0.000000 -0.000003 -0.000004 -0.000008 0.000014 
4.051823 -0.000119 -0.000040 -0.000046 -0.000127 -0.000041 -0.000182 0.000183 0.000337 -0.008234 
0.977403 -0.000010 -0.000004 -0.000004 -0.000012 -0.000004 -0.000017 0.000016 0.000029 -0.000753 
0.527431 -0.000003 -0.000001 -0.000001 -0.000004 -0.000001 -0.000006 0.000005 0.000009 -0.000250 
-0.000000 0.000000 0.000000 0.000000 0.000000 0.000000 0.000000 0.000000 0.000000 -0.000000 
0.000164 -0.000001 -0.000010 -0.000005 -0.000016 -0.000008 -0.000058 -0.000087 -0.000173 0.000124 
0.001100 -0.000007 -0.000067 -0.000035 -0.000104 -0.000054 -0.000375 -0.000565 -0.001123 0.000832 
0.000026 -0.000000 -0.000002 -0.000001 -0.000003 -0.000001 -0.000009 -0.000014 -0.000028 0.000019 
0.000000 -0.000000 -0.000000 -0.000000 -0.000000 -0.000000 -0.000000 -0.000000 -0.000000 0.000000 
0.000000 -0.000000 -0.000000 -0.000000 -0.000000 -0.000000 -0.000000 -0.000000 -0.000000 0.000000 
-0.000006 -0.000100 0.000012 0.000001 0.000002 0.000002 0.000014 0.000003 0.000012 -0.000110 
-0.000001 -0.000012 0.000001 0.000000 0.000000 0.000000 0.000002 0.000000 0.000001 -0.000013 
0.000001 0.004556 0.000005 0.000001 0.000004 0.000002 0.000009 0.000002 0.000006 0.000027 
0.000005 0.000009 -0.000003 0.000001 0.000002 0.000000 0.000000 -0.000000 -0.000002 0.000095 
-0.000346 5.356757 -0.000657 -0.000223 -0.000620 -0.000246 -0.001409 -0.000218 -0.000789 -0.007153 
-0.000018 0.771174 -0.000034 -0.000011 -0.000036 -0.000014 -0.000078 -0.000012 -0.000044 -0.000391 
-0.000004 0.336262 -0.000008 -0.000003 -0.000009 -0.000003 -0.000020 -0.000003 -0.000011 -0.000097 
-0.000000 -0.000000 0.000000 0.000000 0.000000 0.000000 0.000000 0.000000 0.000000 -0.000000 
0.000006 0.000107 -0.000013 -0.000001 -0.000002 -0.000002 -0.000014 -0.000003 -0.000013 0.000116 
0.000041 0.000714 -0.000084 -0.000005 -0.000014 -0.000011 -0.000092 -0.000020 -0.000082 0.000762 
0.000003 0.000056 -0.000007 -0.000000 -0.000001 -0.000001 -0.000008 -0.000002 -0.000007 0.000062 
0.000000 0.000000 -0.000000 -0.000000 -0.000000 -0.000000 -0.000000 -0.000000 -0.000000 0.000000 
0.000000 0.000000 -0.000000 -0.000000 -0.000000 -0.000000 -0.000000 -0.000000 -0.000000 0.000000 
-0.000005 -0.000003 -0.000091 -0.000000 -0.000001 0.000000 0.000006 0.000001 0.000006 -0.000102 
-0.000001 -0.000000 -0.000011 -0.000000 -0.000000 0.000000 0.000001 0.000000 0.000001 -0.000012 
0.000001 0.000006 0.003310 0.000002 0.000005 0.000002 0.000012 0.000002 0.000007 0.000020 
0.000007 0.000014 0.000005 0.000003 0.000009 0.000003 0.000016 0.000002 0.000007 0.000135 
-0.000232 -0.000705 4.053297 -0.000172 -0.000483 -0.000193 -0.001112 -0.000163 -0.000601 -0.004634 
-0.000010 -0.000032 0.511299 -0.000008 -0.000024 -0.000009 -0.000053 -0.000008 -0.000028 -0.000216 
-0.000002 -0.000006 0.176313 -0.000001 -0.000005 -0.000002 -0.000010 -0.000001 -0.000006 -0.000042 
-0.000000 -0.000000 -0.000000 -0.000000 -0.000000 0.000000 0.000000 0.000000 0.000000 -0.000000 
0.000006 0.000003 0.000099 0.000000 0.000001 -0.000000 -0.000006 -0.000001 -0.000006 0.000108 
0.000039 0.000020 0.000662 0.000002 0.000005 -0.000003 -0.000037 -0.000008 -0.000039 0.000707 
0.000003 0.000001 0.000051 0.000000 0.000000 -0.000000 -0.000003 -0.000001 -0.000003 0.000057 
0.000000 0.000000 0.000000 0.000000 0.000000 -0.000000 -0.000000 -0.000000 -0.000000 0.000000 
0.000000 0.000000 0.000000 0.000000 0.000000 -0.000000 -0.000000 -0.000000 -0.000000 0.000000 
-0.000006 -0.000004 -0.000000 -0.000136 0.000077 0.000008 0.000057 -0.000000 0.000007 -0.000082 
-0.000001 -0.000000 -0.000000 -0.000017 0.000008 0.000001 0.000006 -0.000000 0.000001 -0.000010 
0.000000 0.000001 0.000002 0.003320 0.000050 0.000007 0.000044 0.000002 0.000010 0.000005 
0.000007 0.000007 0.000004 0.000015 0.000044 0.000009 0.000047 0.000004 0.000016 0.000094 
-0.000150 -0.000175 -0.000149 4.052691 -0.002606 -0.000443 -0.002491 -0.000143 -0.000680 -0.002136 
-0.000007 -0.000008 -0.000007 0.513549 -0.000128 -0.000021 -0.000118 -0.000007 -0.000032 -0.000099 
-0.000001 -0.000001 -0.000001 0.176908 -0.000026 -0.000004 -0.000023 -0.000001 -0.000006 -0.000019 
-0.000000 -0.000000 -0.000000 -0.000000 0.000000 0.000000 0.000000 -0.000000 0.000000 -0.000000 
0.000006 0.000004 0.000001 0.000148 -0.000078 -0.000008 -0.000059 0.000000 -0.000007 0.000087 
0.000041 0.000027 0.000004 0.000992 -0.000494 -0.000050 -0.000377 0.000003 -0.000042 0.000574 
0.000003 0.000002 0.000000 0.000077 -0.000043 -0.000004 -0.000032 0.000000 -0.000004 0.000046 
0.000000 0.000000 0.000000 0.000000 -0.000000 -0.000000 -0.000000 0.000000 -0.000000 0.000000 
0.000000 0.000000 0.000000 0.000000 -0.000000 -0.000000 -0.000000 0.000000 -0.000000 0.000000 
-0.000003 -0.000003 -0.000001 0.000002 -0.000646 -0.000001 0.000001 -0.000001 -0.000003 -0.000050 
-0.000000 -0.000000 -0.000000 0.000000 -0.000073 -0.000000 0.000000 -0.000000 -0.000000 -0.000006 
-0.000000 0.000000 0.000001 0.000013 0.023660 0.000005 0.000033 0.000001 0.000007 -0.000002 
0.000016 0.000017 0.000013 0.000063 0.000218 0.000033 0.000176 0.000012 0.000053 0.000231 
-0.002070 -0.002649 -0.002477 -0.017780 39.545695 -0.007877 -0.045374 -0.002337 -0.011730 -0.029120 
-0.000051 -0.000067 -0.000061 -0.000443 2.711720 -0.000210 -0.001210 -0.000062 -0.000311 -0.000764 
-0.000021 -0.000028 -0.000025 -0.000182 1.936808 -0.000090 -0.000519 -0.000026 -0.000133 -0.000324 
-0.000000 -0.000000 -0.000000 0.000000 -0.000000 -0.000000 0.000000 -0.000000 -0.000000 -0.000000 
0.000004 0.000003 0.000001 -0.000002 0.000666 0.000001 -0.000001 0.000001 0.000003 0.000053 
0.000025 0.000021 0.000010 -0.000012 0.004270 0.000006 -0.000002 0.000010 0.000023 0.000349 
0.000002 0.000002 0.000001 -0.000001 0.000359 0.000000 -0.000000 0.000001 0.000002 0.000028 
0.000000 0.000000 0.000000 -0.000000 0.000000 0.000000 -0.000000 0.000000 0.000000 0.000000 
0.000000 0.000000 0.000000 -0.000000 0.000000 0.000000 -0.000000 0.000000 0.000000 0.000000 
-0.000004 -0.000003 -0.000001 0.000002 0.000008 -0.000167 0.000216 -0.000000 0.000004 -0.000060 
-0.000001 -0.000000 -0.000000 0.000000 0.000001 -0.000020 0.000025 -0.000000 0.000000 -0.000007 
0.000000 0.000001 0.000001 0.000003 0.000010 0.004578 0.000083 0.000001 0.000006 0.000003 
0.000015 0.000015 0.000009 0.000020 0.000055 0.000065 -0.000001 0.000009 0.000034 0.000219 
-0.000227 -0.000285 -0.000262 -0.000754 -0.002037 4.958972 -0.011941 -0.000247 -0.001230 -0.003191 
-0.000011 -0.000014 -0.000013 -0.000036 -0.000110 0.775074 -0.000622 -0.000013 -0.000063 -0.000161 
-0.000002 -0.000003 -0.000002 -0.000007 -0.000023 0.302426 -0.000129 -0.000003 -0.000013 -0.000033 
-0.000000 -0.000000 -0.000000 0.000000 0.000000 -0.000000 0.000000 -0.000000 0.000000 -0.000000 
0.000004 0.000003 0.000001 -0.000002 -0.000008 0.000174 -0.000224 0.000000 -0.000004 0.000063 
0.000030 0.000020 0.000004 -0.000016 -0.000049 0.001133 -0.001441 0.000003 -0.000024 0.000416 
0.000002 0.000002 0.000000 -0.000001 -0.000004 0.000093 -0.000120 0.000000 -0.000002 0.000034 
0.000000 0.000000 0.000000 -0.000000 -0.000000 0.000000 -0.000000 0.000000 -0.000000 0.000000 
0.000000 0.000000 0.000000 -0.000000 -0.000000 0.000000 -0.000000 0.000000 -0.000000 0.000000 
-0.000005 -0.000004 -0.000001 0.000000 0.000001 0.000027 -0.001328 -0.000001 -0.000000 -0.000074 
-0.000001 -0.000000 -0.000000 -0.000000 0.000000 0.000003 -0.000156 -0.000000 -0.000000 -0.000009 
-0.000000 0.000000 0.000001 0.000004 0.000011 0.000017 0.031030 0.000001 0.000006 -0.000002 
0.000005 0.000006 0.000004 0.000010 0.000029 0.000018 0.000078 0.000004 0.000017 0.000078 
-0.001698 -0.002102 -0.001906 -0.005426 -0.014667 -0.015028 39.288926 -0.001796 -0.008858 -0.023888 
-0.000052 -0.000067 -0.000059 -0.000170 -0.000517 -0.000511 4.129562 -0.000060 -0.000298 -0.000787 
-0.000021 -0.000027 -0.000024 -0.000069 -0.000221 -0.000215 2.762600 -0.000025 -0.000125 -0.000326 
-0.000000 -0.000000 -0.000000 0.000000 0.000000 0.000000 -0.000000 -0.000000 -0.000000 -0.000000 
0.000005 0.000004 0.000001 -0.000000 -0.000001 -0.000028 0.001391 0.000001 0.000000 0.000079 
0.000037 0.000028 0.000010 0.000000 -0.000001 -0.000178 0.009049 0.000009 0.000004 0.000519 
0.000003 0.000002 0.000001 -0.000000 -0.000000 -0.000015 0.000742 0.000001 0.000000 0.000042 
0.000000 0.000000 0.000000 -0.000000 -0.000000 -0.000000 0.000007 0.000000 0.000000 0.000000 
0.000000 0.000000 0.000000 -0.000000 -0.000000 -0.000000 0.000000 0.000000 -0.000000 0.000000 
-0.000009 -0.000002 0.000001 0.000000 0.000000 0.000001 0.000008 -0.000326 0.000052 -0.000100 
-0.000001 -0.000000 0.000000 -0.000000 0.000000 0.000000 0.000001 -0.000038 0.000006 -0.000012 
0.000004 0.000001 0.000001 0.000001 0.000003 0.000001 0.000007 0.004731 0.000020 0.000046 
0.000070 0.000015 0.000009 0.000010 0.000029 0.000011 0.000059 0.000048 0.000085 0.000793 
-0.001685 -0.000354 -0.000183 -0.000229 -0.000614 -0.000229 -0.001221 4.950401 -0.001319 -0.018411 
-0.000075 -0.000016 -0.000008 -0.000010 -0.000031 -0.000011 -0.000059 0.759623 -0.000065 -0.000878 
-0.000013 -0.000003 -0.000001 -0.000002 -0.000006 -0.000002 -0.000011 0.265916 -0.000012 -0.000162 
-0.000000 -0.000000 0.000000 0.000000 0.000000 0.000000 0.000000 -0.000000 0.000000 -0.000000 
0.000034 0.000006 -0.000005 0.000000 -0.000000 -0.000003 -0.000026 0.001140 -0.000181 0.000348 
0.000226 0.000039 -0.000031 0.000001 -0.000002 -0.000016 -0.000167 0.007422 -0.001166 0.002255 
0.000005 0.000001 -0.000001 -0.000000 -0.000000 -0.000000 -0.000004 0.000182 -0.000029 0.000056 
0.000000 0.000000 -0.000000 -0.000000 -0.000000 -0.000000 -0.000000 0.000002 -0.000000 0.000001 
0.000000 0.000000 -0.000000 -0.000000 -0.000000 -0.000000 -0.000000 0.000000 -0.000000 0.000000 
-0.000009 -0.000003 -0.000001 -0.000002 -0.000006 -0.000002 -0.000008 -0.000002 -0.000727 -0.000108 
-0.000001 -0.000000 -0.000000 -0.000000 -0.000001 -0.000000 -0.000001 -0.000000 -0.000086 -0.000013 
0.000000 0.000000 0.000001 0.000001 0.000002 0.000001 0.000006 0.000003 0.019570 0.000004 
0.000007 0.000003 0.000002 0.000003 0.000008 0.000003 0.000017 0.000007 0.000060 0.000082 
-0.005478 -0.002264 -0.001974 -0.002565 -0.006955 -0.002865 -0.016760 -0.007466 39.476301 -0.064868 
-0.000090 -0.000038 -0.000033 -0.000042 -0.000130 -0.000051 -0.000300 -0.000133 2.216965 -0.001146 
-0.000036 -0.000016 -0.000013 -0.000017 -0.000055 -0.000022 -0.000126 -0.000056 1.474352 -0.000477 
-0.000000 -0.000000 -0.000000 -0.000000 -0.000000 -0.000000 -0.000000 -0.000000 -0.000000 -0.000000 
0.000009 0.000003 0.000001 0.000002 0.000006 0.000002 0.000009 0.000002 0.000765 0.000114 
0.000063 0.000023 0.000010 0.000014 0.000040 0.000013 0.000059 0.000016 0.004995 0.000750 
0.000005 0.000002 0.000001 0.000001 0.000003 0.000001 0.000005 0.000001 0.000406 0.000060 
0.000000 0.000000 0.000000 0.000000 0.000000 0.000000 0.000000 0.000000 0.000001 0.000000 
0.000000 0.000000 0.000000 0.000000 0.000000 0.000000 0.000000 0.000000 0.000000 0.000000 
0.000000 0.000000 0.000001 0.000000 0.000001 0.000000 0.000003 0.000003 0.000007 -0.000055 
0.000000 0.000000 0.000000 0.000000 0.000000 0.000000 0.000000 0.000000 0.000001 -0.000007 
0.000002 0.000001 0.000000 0.000000 0.000001 0.000000 0.000002 0.000001 0.000002 0.013486 
0.000002 -0.000000 -0.000002 -0.000001 -0.000002 -0.000001 -0.000008 -0.000010 -0.000020 0.000087 
-0.005504 -0.001810 -0.001258 -0.000750 -0.002022 -0.000815 -0.004672 -0.001995 -0.004462 39.449630 
-0.000092 -0.000031 -0.000021 -0.000012 -0.000038 -0.000015 -0.000084 -0.000035 -0.000080 2.216615 
-0.000037 -0.000013 -0.000008 -0.000005 -0.000016 -0.000006 -0.000035 -0.000015 -0.000033 1.474213 
0.000000 0.000000 0.000000 0.000000 0.000000 0.000000 0.000000 0.000000 0.000000 -0.000000 
-0.000000 -0.000000 -0.000001 -0.000000 -0.000001 -0.000000 -0.000003 -0.000004 -0.000007 0.000058 
-0.000001 -0.000003 -0.000006 -0.000002 -0.000006 -0.000003 -0.000021 -0.000023 -0.000048 0.000378 
-0.000000 -0.000000 -0.000000 -0.000000 -0.000001 -0.000000 -0.000002 -0.000002 -0.000004 0.000031 
-0.000000 -0.000000 -0.000000 -0.000000 -0.000000 -0.000000 -0.000000 -0.000000 -0.000000 0.000000 
-0.000000 -0.000000 -0.000000 -0.000000 -0.000000 -0.000000 -0.000000 -0.000000 -0.000000 0.000000 
