0.831969
-0.002823
-0.002264
0.005915
-0.734425
-0.475668
-0.357178
-0.000011
0.130637
0.411481
0.043792
0.001163
-0.000216
0.707346
-0.007609
0.013898
0.045332
-1.691950
-0.439279
-0.265151
-0.000048
0.338055
1.250559
0.102617
0.000619
-0.000256
0.693406
-0.007350
0.034068
0.057901
-1.580121
-0.292036
-0.106017
-0.000046
0.162601
0.604572
0.098478
0.000899
-0.000190
0.713795
-0.006198
-0.002360
0.054427
-0.789521
-0.227836
-0.116982
-0.000043
0.141458
0.465256
0.093343
0.000889
-0.000198
0.296376
-0.005963
-0.022348
0.050394
-4.093496
-0.284894
-0.281518
-0.000151
0.135562
0.409585
0.134332
0.000726
-0.000622
0.380913
-0.005530
-0.007730
0.050684
-0.469773
-0.295483
-0.260295
-0.000129
0.126042
0.380153
0.124855
0.004529
-0.000112
0.729608
-0.005883
-0.011477
0.047291
-4.201115
-0.782833
-0.633752
-0.000039
0.132999
0.446153
0.086422
0.002407
-0.000206
0.866454
-0.004652
-0.009245
0.149050
-1.784174
-0.277758
-0.111759
-0.000006
0.093843
0.403561
0.043228
0.000452
-0.000169
0.739461
-0.005500
-0.018740
0.032347
-3.548935
-0.694985
-0.599737
-0.000036
0.127112
0.395467
0.085153
0.000054
-0.000433
0.295224
-0.003818
-0.055756
0.062923
0.335314
-0.617689
-0.634473
-0.000150
0.085674
0.257187
0.090337
0.002866
-0.000317
